1061312272
1061312392
1061312640
1061313736
1061313856
1061313984
1061314104
1061314224
1061314344
1061314472
1061314592
1061314712
1061314960
1061315080
1061315200
1061315320
1061315448
1061316056
1061316176
1061316544
1061316664
1061316784
1061316912
1061317032
1061317152
1061317272
1061317520
1061317640
1061317760
1061317888
1061318128
1061318248
1061318376
1061318496
1061319592
1061319712
1061319840
1061320080
1061320200
1061320568
1061320688
1061320816
1061320936
1061321056
1061321176
1061321304
1061321424
1061321792
1061321912
1061322032
1061322152
1061322280
1061322520
1061322768
1061323008
