1131453216
1131454656
1131455016
1131456456
1131456816
1131458256
1131458616
1131460056
1131460416
1131461856
1131462216
1131463776
1131464136
1131465576
1131465936
1131467376
1131467736
1131469176
1131469536
1131470976
1131471336
1131472776
1131473136
1131474576
1131474936
1131476376
1131476736
1131478296
1131478656
1131482256
1131708592
1131708952
1131710392
1131710752
1131712192
1131712552
1131713992
1131714352
1131715792
1131716152
1131717592
1131717952
1131719392
1131719752
1131721192
1131721552
1131723112
1131723472
1131724912
1131725272
1131726712
1131727072
1131728512
1131728872
1131730312
1131730672
1131732112
1131732472
1131733912
1131734272
1131735712
1131736072
1131739432
1131739792
1131741232
1131741592
