1131453336
1131455136
1131456936
1131458736
1131460536
1131464256
1131466056
1131467856
1131469656
1131471456
1131473256
1131475056
1131478776
1131482376
1131536264
1131538064
1131539864
1131541664
1131543464
1131545264
1131547064
1131550784
1131552584
1131554384
1131556184
1131557984
1131559784
1131561584
1131565304
1131567104
1131568904
1131709072
1131710872
1131712672
1131714472
1131716272
1131718072
1131719872
1131723592
1131725392
1131727192
1131728992
1131730792
1131732592
1131734392
1131739912
1131741712
