1131454536
1131456336
1131458136
1131459936
1131461736
1131463656
1131465456
1131467256
1131469056
1131470856
1131472656
1131474456
1131476256
1131478176
1131535664
1131537464
1131539264
1131541064
1131542864
1131544664
1131546464
1131548264
1131550184
1131551984
1131553784
1131555584
1131557384
1131559184
1131560984
1131562784
1131564704
1131566504
1131568304
1131708472
1131710272
1131712072
1131713872
1131715672
1131717472
1131719272
1131721072
1131722992
1131724792
1131726592
1131728392
1131730192
1131731992
1131733792
1131735592
1131739312
1131741112
