1131454416
1131456216
1131458016
1131459816
1131461616
1131463536
1131465336
1131467136
1131468936
1131470736
1131472536
1131474336
1131476136
1131478056
1131535544
1131537344
1131539144
1131540944
1131542744
1131544544
1131546344
1131548144
1131550064
1131551864
1131553664
1131555464
1131557264
1131559064
1131560864
1131562664
1131564584
1131566384
1131568184
1131708352
1131710152
1131711952
1131713752
1131715552
1131717352
1131719152
1131720952
1131722872
1131724672
1131726472
1131728272
1131730072
1131731872
1131733672
1131735472
1131739192
1131740992
