1130772904, (-1, 3)
1130773024, (0, 3)
1130773144, (0, 2)
1130773264, (0, 1)
1130773384, (1, 1)
1130773504, (1, 2)
1130773624, (1, 3)
1130773744, (2, 3)
1130773864, (2, 2)
1130773984, (2, 1)
1130774104, (-2, 3)
1130774224, (-2, 2)
1130774344, (-2, 1)
1130774464, (-1, 1)
1130774584, (-1, 2)
1130774704, (-1, 3)
1130774824, (0, 3)
1130774944, (0, 2)
1130775064, (0, 1)
1130775184, (1, 1)
1130775304, (1, 2)
1130775424, (1, 3)
1130775544, (2, 3)
1130775664, (2, 2)
1130775784, (2, 1)
1130775904, (-2, 3)
1130776024, (-2, 2)
1130776144, (-2, 1)
1130776264, (-1, 1)
1130776384, (-1, 2)
1130776504, (-1, 3)
1130776624, (0, 3)
1130776744, (0, 2)
1130776864, (0, 1)
1130776984, (1, 1)
1130777104, (1, 2)
1130777224, (1, 3)
1130777344, (2, 3)
1130777464, (2, 2)
1130777584, (2, 1)
1130777704, (-2, 3)
1130777824, (-2, 2)
1130777944, (-2, 1)
1130778064, (-1, 1)
1130778184, (-1, 2)
1130778304, (-1, 3)
1130778424, (0, 3)
1130778544, (0, 2)
1130778664, (0, 1)
1130778784, (1, 1)
1130778904, (1, 2)
1130779024, (1, 3)
1130779144, (2, 3)
1130779264, (2, 2)
1130779384, (2, 1)
1130779504, (-2, 3)
1130779624, (-2, 2)
1130779744, (-2, 1)
1130779864, (-1, 1)
1130779984, (-1, 2)
1130780104, (-1, 3)
1130780224, (0, 3)
1130780344, (0, 2)
1130780464, (0, 1)
1130780584, (1, 1)
1130780704, (1, 2)
1130780824, (1, 3)
1130780944, (2, 3)
1130781064, (2, 2)
1130781184, (2, 1)
1130781304, (-2, 3)
1130781424, (-2, 2)
1130781544, (-2, 1)
1130781664, (-1, 1)
1130781784, (-1, 2)
1130781904, (-1, 3)
1130782024, (0, 3)
1130782144, (0, 2)
1130782264, (0, 1)
1130782384, (1, 1)
1130782504, (1, 2)
1130782624, (1, 3)
1130782744, (2, 3)
1130782864, (2, 2)
1130782984, (2, 1)
1130783104, (-2, 3)
1130783224, (-2, 2)
1130783344, (-2, 1)
1130783464, (-1, 1)
1130783584, (-1, 2)
1130783704, (-1, 3)
1130783824, (0, 3)
1130783944, (0, 2)
1130784064, (0, 1)
1130784184, (1, 1)
1130784304, (1, 2)
1130784424, (1, 3)
1130784544, (2, 3)
1130784664, (2, 2)
1130784784, (2, 1)
1130784904, (-2, 3)
1130785024, (-2, 2)
1130785144, (-2, 1)
1130785264, (-1, 1)
1130785384, (-1, 2)
1130785504, (-1, 3)
1130785624, (0, 3)
1130785744, (0, 2)
1130785864, (0, 1)
1130785984, (1, 1)
1130786104, (1, 2)
1130786224, (1, 3)
1130786344, (2, 3)
1130786464, (2, 2)
1130786824, (-2, 3)
1130786944, (-2, 2)
1130787064, (-2, 1)
1130787184, (-1, 1)
1130787304, (-1, 2)
1130787424, (-1, 3)
1130787544, (0, 3)
1130787664, (0, 2)
1130787784, (0, 1)
1130787904, (1, 1)
1130788024, (1, 2)
1130788144, (1, 3)
1130788264, (2, 3)
1130788384, (2, 2)
1130788504, (2, 1)
1130788624, (-2, 3)
1130788744, (-2, 2)
1130788864, (-2, 1)
1130788984, (-1, 1)
1130789104, (-1, 2)
1130789224, (-1, 3)
1130789344, (0, 3)
1130789464, (0, 2)
1130789584, (0, 1)
1130789704, (1, 1)
1130789824, (1, 2)
1130789944, (1, 3)
1130790064, (2, 3)
1130790184, (2, 2)
1130790304, (2, 1)
1130790424, (-2, 3)
1130790544, (-2, 2)
1130790664, (-2, 1)
1130790784, (-1, 1)
1130790904, (-1, 2)
1130791024, (-1, 3)
1130791144, (0, 3)
1130791264, (0, 2)
1130791384, (0, 1)
1130791504, (1, 1)
1130791624, (1, 2)
1130791744, (1, 3)
1130791864, (2, 3)
1130791984, (2, 2)
1131453096, (2, 3)
1131453216, (-1, 0)
1131453336, (-2, -3)
1131453456, (-2, 3)
1131453576, (2, 0)
1131453696, (2, -3)
1131453816, (1, -3)
1131453936, (2, 0)
1131454056, (-1, 3)
1131454176, (0, 3)
1131454296, (0, 0)
1131454416, (0, -3)
1131454536, (-1, -3)
1131454656, (-1, 0)
1131454776, (1, 3)
1131454896, (2, 3)
1131455016, (-1, 0)
1131455136, (-2, -3)
1131455256, (-2, 3)
1131455376, (2, 0)
1131455496, (2, -3)
1131455616, (1, -3)
1131455736, (2, 0)
1131455856, (-1, 3)
1131455976, (0, 3)
1131456096, (0, 0)
1131456216, (0, -3)
1131456336, (-1, -3)
1131456456, (-1, 0)
1131456576, (1, 3)
1131456696, (2, 3)
1131456816, (-1, 0)
1131456936, (-2, -3)
1131457056, (-2, 3)
1131457176, (2, 0)
1131457296, (2, -3)
1131457416, (1, -3)
1131457536, (2, 0)
1131457656, (-1, 3)
1131457776, (0, 3)
1131457896, (0, 0)
1131458016, (0, -3)
1131458136, (-1, -3)
1131458256, (-1, 0)
1131458376, (1, 3)
1131458496, (2, 3)
1131458616, (-1, 0)
1131458736, (-2, -3)
1131458856, (-2, 3)
1131458976, (2, 0)
1131459096, (2, -3)
1131459216, (1, -3)
1131459336, (2, 0)
1131459456, (-1, 3)
1131459576, (0, 3)
1131459696, (0, 0)
1131459816, (0, -3)
1131459936, (-1, -3)
1131460056, (-1, 0)
1131460176, (1, 3)
1131460296, (2, 3)
1131460416, (-1, 0)
1131460536, (-2, -3)
1131460656, (-2, 3)
1131460776, (2, 0)
1131460896, (2, -3)
1131461016, (1, -3)
1131461136, (2, 0)
1131461256, (-1, 3)
1131461376, (0, 3)
1131461496, (0, 0)
1131461616, (0, -3)
1131461736, (-1, -3)
1131461856, (-1, 0)
1131461976, (1, 3)
1131462096, (2, 3)
1131462216, (-1, 0)
1131462576, (-2, 3)
1131462696, (2, 0)
1131462816, (2, -3)
1131462936, (1, -3)
1131463056, (2, 0)
1131463176, (-1, 3)
1131463296, (0, 3)
1131463416, (0, 0)
1131463536, (0, -3)
1131463656, (-1, -3)
1131463776, (-1, 0)
1131463896, (1, 3)
1131464016, (2, 3)
1131464136, (-1, 0)
1131464256, (-2, -3)
1131464376, (-2, 3)
1131464496, (2, 0)
1131464616, (2, -3)
1131464736, (1, -3)
1131464856, (2, 0)
1131464976, (-1, 3)
1131465096, (0, 3)
1131465216, (0, 0)
1131465336, (0, -3)
1131465456, (-1, -3)
1131465576, (-1, 0)
1131465696, (1, 3)
1131465816, (2, 3)
1131465936, (-1, 0)
1131466056, (-2, -3)
1131466176, (-2, 3)
1131466296, (2, 0)
1131466416, (2, -3)
1131466536, (1, -3)
1131466656, (2, 0)
1131466776, (-1, 3)
1131466896, (0, 3)
1131467016, (0, 0)
1131467136, (0, -3)
1131467256, (-1, -3)
1131467376, (-1, 0)
1131467496, (1, 3)
1131467616, (2, 3)
1131467736, (-1, 0)
1131467856, (-2, -3)
1131467976, (-2, 3)
1131468096, (2, 0)
1131468216, (2, -3)
1131468336, (1, -3)
1131468456, (2, 0)
1131468576, (-1, 3)
1131468696, (0, 3)
1131468816, (0, 0)
1131468936, (0, -3)
1131469056, (-1, -3)
1131469176, (-1, 0)
1131469296, (1, 3)
1131469416, (2, 3)
1131469536, (-1, 0)
1131469656, (-2, -3)
1131469776, (-2, 3)
1131469896, (2, 0)
1131470016, (2, -3)
1131470136, (1, -3)
1131470256, (2, 0)
1131470376, (-1, 3)
1131470496, (0, 3)
1131470616, (0, 0)
1131470736, (0, -3)
1131470856, (-1, -3)
1131470976, (-1, 0)
1131471096, (1, 3)
1131471216, (2, 3)
1131471336, (-1, 0)
1131471456, (-2, -3)
1131471576, (-2, 3)
1131471696, (2, 0)
1131471816, (2, -3)
1131471936, (1, -3)
1131472056, (2, 0)
1131472176, (-1, 3)
1131472296, (0, 3)
1131472416, (0, 0)
1131472536, (0, -3)
1131472656, (-1, -3)
1131472776, (-1, 0)
1131472896, (1, 3)
1131473016, (2, 3)
1131473136, (-1, 0)
1131473256, (-2, -3)
1131473376, (-2, 3)
1131473496, (2, 0)
1131473616, (2, -3)
1131473736, (1, -3)
1131473856, (2, 0)
1131473976, (-1, 3)
1131474096, (0, 3)
1131474216, (0, 0)
1131474336, (0, -3)
1131474456, (-1, -3)
1131474576, (-1, 0)
1131474696, (1, 3)
1131474816, (2, 3)
1131474936, (-1, 0)
1131475056, (-2, -3)
1131475176, (-2, 3)
1131475296, (2, 0)
1131475416, (2, -3)
1131475536, (1, -3)
1131475656, (2, 0)
1131475776, (-1, 3)
1131475896, (0, 3)
1131476016, (0, 0)
1131476136, (0, -3)
1131476256, (-1, -3)
1131476376, (-1, 0)
1131476496, (1, 3)
1131476616, (2, 3)
1131476736, (-1, 0)
1131477096, (-2, 3)
1131477216, (2, 0)
1131477336, (2, -3)
1131477456, (1, -3)
1131477576, (2, 0)
1131477696, (-1, 3)
1131477816, (0, 3)
1131477936, (0, 0)
1131478056, (0, -3)
1131478176, (-1, -3)
1131478296, (-1, 0)
1131478416, (1, 3)
1131478536, (2, 3)
1131478656, (-1, 0)
1131478776, (-2, -3)
1131482256, (-1, 0)
1131482376, (-2, -3)
1131482496, (-2, 3)
1131482616, (2, 0)
1131482736, (2, -3)
1131482856, (1, -3)
1131482976, (2, 0)
1131534584, (2, -1)
1131534704, (2, -2)
1131534824, (2, -3)
1131534944, (1, -3)
1131535064, (1, -2)
1131535184, (1, -1)
1131535304, (0, -1)
1131535424, (0, -2)
1131535544, (0, -3)
1131535664, (-1, -3)
1131535784, (-1, -2)
1131535904, (-1, -1)
1131536024, (-2, -1)
1131536144, (-2, -2)
1131536264, (-2, -3)
1131536384, (2, -1)
1131536504, (2, -2)
1131536624, (2, -3)
1131536744, (1, -3)
1131536864, (1, -2)
1131536984, (1, -1)
1131537104, (0, -1)
1131537224, (0, -2)
1131537344, (0, -3)
1131537464, (-1, -3)
1131537584, (-1, -2)
1131537704, (-1, -1)
1131537824, (-2, -1)
1131537944, (-2, -2)
1131538064, (-2, -3)
1131538184, (2, -1)
1131538304, (2, -2)
1131538424, (2, -3)
1131538544, (1, -3)
1131538664, (1, -2)
1131538784, (1, -1)
1131538904, (0, -1)
1131539024, (0, -2)
1131539144, (0, -3)
1131539264, (-1, -3)
1131539384, (-1, -2)
1131539504, (-1, -1)
1131539624, (-2, -1)
1131539744, (-2, -2)
1131539864, (-2, -3)
1131539984, (2, -1)
1131540104, (2, -2)
1131540224, (2, -3)
1131540344, (1, -3)
1131540464, (1, -2)
1131540584, (1, -1)
1131540704, (0, -1)
1131540824, (0, -2)
1131540944, (0, -3)
1131541064, (-1, -3)
1131541184, (-1, -2)
1131541304, (-1, -1)
1131541424, (-2, -1)
1131541544, (-2, -2)
1131541664, (-2, -3)
1131541784, (2, -1)
1131541904, (2, -2)
1131542024, (2, -3)
1131542144, (1, -3)
1131542264, (1, -2)
1131542384, (1, -1)
1131542504, (0, -1)
1131542624, (0, -2)
1131542744, (0, -3)
1131542864, (-1, -3)
1131542984, (-1, -2)
1131543104, (-1, -1)
1131543224, (-2, -1)
1131543344, (-2, -2)
1131543464, (-2, -3)
1131543584, (2, -1)
1131543704, (2, -2)
1131543824, (2, -3)
1131543944, (1, -3)
1131544064, (1, -2)
1131544184, (1, -1)
1131544304, (0, -1)
1131544424, (0, -2)
1131544544, (0, -3)
1131544664, (-1, -3)
1131544784, (-1, -2)
1131544904, (-1, -1)
1131545024, (-2, -1)
1131545144, (-2, -2)
1131545264, (-2, -3)
1131545384, (2, -1)
1131545504, (2, -2)
1131545624, (2, -3)
1131545744, (1, -3)
1131545864, (1, -2)
1131545984, (1, -1)
1131546104, (0, -1)
1131546224, (0, -2)
1131546344, (0, -3)
1131546464, (-1, -3)
1131546584, (-1, -2)
1131546704, (-1, -1)
1131546824, (-2, -1)
1131546944, (-2, -2)
1131547064, (-2, -3)
1131547184, (2, -1)
1131547304, (2, -2)
1131547424, (2, -3)
1131547544, (1, -3)
1131547664, (1, -2)
1131547784, (1, -1)
1131547904, (0, -1)
1131548024, (0, -2)
1131548144, (0, -3)
1131548264, (-1, -3)
1131548384, (-1, -2)
1131548504, (-1, -1)
1131548624, (-2, -1)
1131548744, (-2, -2)
1131549104, (2, -1)
1131549224, (2, -2)
1131549344, (2, -3)
1131549464, (1, -3)
1131549584, (1, -2)
1131549704, (1, -1)
1131549824, (0, -1)
1131549944, (0, -2)
1131550064, (0, -3)
1131550184, (-1, -3)
1131550304, (-1, -2)
1131550424, (-1, -1)
1131550544, (-2, -1)
1131550664, (-2, -2)
1131550784, (-2, -3)
1131550904, (2, -1)
1131551024, (2, -2)
1131551144, (2, -3)
1131551264, (1, -3)
1131551384, (1, -2)
1131551504, (1, -1)
1131551624, (0, -1)
1131551744, (0, -2)
1131551864, (0, -3)
1131551984, (-1, -3)
1131552104, (-1, -2)
1131552224, (-1, -1)
1131552344, (-2, -1)
1131552464, (-2, -2)
1131552584, (-2, -3)
1131552704, (2, -1)
1131552824, (2, -2)
1131552944, (2, -3)
1131553064, (1, -3)
1131553184, (1, -2)
1131553304, (1, -1)
1131553424, (0, -1)
1131553544, (0, -2)
1131553664, (0, -3)
1131553784, (-1, -3)
1131553904, (-1, -2)
1131554024, (-1, -1)
1131554144, (-2, -1)
1131554264, (-2, -2)
1131554384, (-2, -3)
1131554504, (2, -1)
1131554624, (2, -2)
1131554744, (2, -3)
1131554864, (1, -3)
1131554984, (1, -2)
1131555104, (1, -1)
1131555224, (0, -1)
1131555344, (0, -2)
1131555464, (0, -3)
1131555584, (-1, -3)
1131555704, (-1, -2)
1131555824, (-1, -1)
1131555944, (-2, -1)
1131556064, (-2, -2)
1131556184, (-2, -3)
1131556304, (2, -1)
1131556424, (2, -2)
1131556544, (2, -3)
1131556664, (1, -3)
1131556784, (1, -2)
1131556904, (1, -1)
1131557024, (0, -1)
1131557144, (0, -2)
1131557264, (0, -3)
1131557384, (-1, -3)
1131557504, (-1, -2)
1131557624, (-1, -1)
1131557744, (-2, -1)
1131557864, (-2, -2)
1131557984, (-2, -3)
1131558104, (2, -1)
1131558224, (2, -2)
1131558344, (2, -3)
1131558464, (1, -3)
1131558584, (1, -2)
1131558704, (1, -1)
1131558824, (0, -1)
1131558944, (0, -2)
1131559064, (0, -3)
1131559184, (-1, -3)
1131559304, (-1, -2)
1131559424, (-1, -1)
1131559544, (-2, -1)
1131559664, (-2, -2)
1131559784, (-2, -3)
1131559904, (2, -1)
1131560024, (2, -2)
1131560144, (2, -3)
1131560264, (1, -3)
1131560384, (1, -2)
1131560504, (1, -1)
1131560624, (0, -1)
1131560744, (0, -2)
1131560864, (0, -3)
1131560984, (-1, -3)
1131561104, (-1, -2)
1131561224, (-1, -1)
1131561344, (-2, -1)
1131561464, (-2, -2)
1131561584, (-2, -3)
1131561704, (2, -1)
1131561824, (2, -2)
1131561944, (2, -3)
1131562064, (1, -3)
1131562184, (1, -2)
1131562304, (1, -1)
1131562424, (0, -1)
1131562544, (0, -2)
1131562664, (0, -3)
1131562784, (-1, -3)
1131562904, (-1, -2)
1131563024, (-1, -1)
1131563144, (-2, -1)
1131563264, (-2, -2)
1131563624, (2, -1)
1131563744, (2, -2)
1131563864, (2, -3)
1131563984, (1, -3)
1131564104, (1, -2)
1131564224, (1, -1)
1131564344, (0, -1)
1131564464, (0, -2)
1131564584, (0, -3)
1131564704, (-1, -3)
1131564824, (-1, -2)
1131564944, (-1, -1)
1131565064, (-2, -1)
1131565184, (-2, -2)
1131565304, (-2, -3)
1131565424, (2, -1)
1131565544, (2, -2)
1131565664, (2, -3)
1131565784, (1, -3)
1131565904, (1, -2)
1131566024, (1, -1)
1131566144, (0, -1)
1131566264, (0, -2)
1131566384, (0, -3)
1131566504, (-1, -3)
1131566624, (-1, -2)
1131566744, (-1, -1)
1131566864, (-2, -1)
1131566984, (-2, -2)
1131567104, (-2, -3)
1131567224, (2, -1)
1131567344, (2, -2)
1131567464, (2, -3)
1131567584, (1, -3)
1131567704, (1, -2)
1131567824, (1, -1)
1131567944, (0, -1)
1131568064, (0, -2)
1131568184, (0, -3)
1131568304, (-1, -3)
1131568424, (-1, -2)
1131568544, (-1, -1)
1131568664, (-2, -1)
1131568784, (-2, -2)
1131568904, (-2, -3)
1131569024, (2, -1)
1131569144, (2, -2)
1131569264, (2, -3)
1131569384, (1, -3)
1131707392, (-2, 3)
1131707512, (2, 0)
1131707632, (2, -3)
1131707752, (1, -3)
1131707872, (2, 0)
1131707992, (-1, 3)
1131708112, (0, 3)
1131708232, (0, 0)
1131708352, (0, -3)
1131708472, (-1, -3)
1131708592, (-1, 0)
1131708712, (1, 3)
1131708832, (2, 3)
1131708952, (-1, 0)
1131709072, (-2, -3)
1131709192, (-2, 3)
1131709312, (2, 0)
1131709432, (2, -3)
1131709552, (1, -3)
1131709672, (2, 0)
1131709792, (-1, 3)
1131709912, (0, 3)
1131710032, (0, 0)
1131710152, (0, -3)
1131710272, (-1, -3)
1131710392, (-1, 0)
1131710512, (1, 3)
1131710632, (2, 3)
1131710752, (-1, 0)
1131710872, (-2, -3)
1131710992, (-2, 3)
1131711112, (2, 0)
1131711232, (2, -3)
1131711352, (1, -3)
1131711472, (2, 0)
1131711592, (-1, 3)
1131711712, (0, 3)
1131711832, (0, 0)
1131711952, (0, -3)
1131712072, (-1, -3)
1131712192, (-1, 0)
1131712312, (1, 3)
1131712432, (2, 3)
1131712552, (-1, 0)
1131712672, (-2, -3)
1131712792, (-2, 3)
1131712912, (2, 0)
1131713032, (2, -3)
1131713152, (1, -3)
1131713272, (2, 0)
1131713392, (-1, 3)
1131713512, (0, 3)
1131713632, (0, 0)
1131713752, (0, -3)
1131713872, (-1, -3)
1131713992, (-1, 0)
1131714112, (1, 3)
1131714232, (2, 3)
1131714352, (-1, 0)
1131714472, (-2, -3)
1131714592, (-2, 3)
1131714712, (2, 0)
1131714832, (2, -3)
1131714952, (1, -3)
1131715072, (2, 0)
1131715192, (-1, 3)
1131715312, (0, 3)
1131715432, (0, 0)
1131715552, (0, -3)
1131715672, (-1, -3)
1131715792, (-1, 0)
1131715912, (1, 3)
1131716032, (2, 3)
1131716152, (-1, 0)
1131716272, (-2, -3)
1131716392, (-2, 3)
1131716512, (2, 0)
1131716632, (2, -3)
1131716752, (1, -3)
1131716872, (2, 0)
1131716992, (-1, 3)
1131717112, (0, 3)
1131717232, (0, 0)
1131717352, (0, -3)
1131717472, (-1, -3)
1131717592, (-1, 0)
1131717712, (1, 3)
1131717832, (2, 3)
1131717952, (-1, 0)
1131718072, (-2, -3)
1131718192, (-2, 3)
1131718312, (2, 0)
1131718432, (2, -3)
1131718552, (1, -3)
1131718672, (2, 0)
1131718792, (-1, 3)
1131718912, (0, 3)
1131719032, (0, 0)
1131719152, (0, -3)
1131719272, (-1, -3)
1131719392, (-1, 0)
1131719512, (1, 3)
1131719632, (2, 3)
1131719752, (-1, 0)
1131719872, (-2, -3)
1131719992, (-2, 3)
1131720112, (2, 0)
1131720232, (2, -3)
1131720352, (1, -3)
1131720472, (2, 0)
1131720592, (-1, 3)
1131720712, (0, 3)
1131720832, (0, 0)
1131720952, (0, -3)
1131721072, (-1, -3)
1131721192, (-1, 0)
1131721312, (1, 3)
1131721432, (2, 3)
1131721552, (-1, 0)
1131721912, (-2, 3)
1131722032, (2, 0)
1131722152, (2, -3)
1131722272, (1, -3)
1131722392, (2, 0)
1131722512, (-1, 3)
1131722632, (0, 3)
1131722752, (0, 0)
1131722872, (0, -3)
1131722992, (-1, -3)
1131723112, (-1, 0)
1131723232, (1, 3)
1131723352, (2, 3)
1131723472, (-1, 0)
1131723592, (-2, -3)
1131723712, (-2, 3)
1131723832, (2, 0)
1131723952, (2, -3)
1131724072, (1, -3)
1131724192, (2, 0)
1131724312, (-1, 3)
1131724432, (0, 3)
1131724552, (0, 0)
1131724672, (0, -3)
1131724792, (-1, -3)
1131724912, (-1, 0)
1131725032, (1, 3)
1131725152, (2, 3)
1131725272, (-1, 0)
1131725392, (-2, -3)
1131725512, (-2, 3)
1131725632, (2, 0)
1131725752, (2, -3)
1131725872, (1, -3)
1131725992, (2, 0)
1131726112, (-1, 3)
1131726232, (0, 3)
1131726352, (0, 0)
1131726472, (0, -3)
1131726592, (-1, -3)
1131726712, (-1, 0)
1131726832, (1, 3)
1131726952, (2, 3)
1131727072, (-1, 0)
1131727192, (-2, -3)
1131727312, (-2, 3)
1131727432, (2, 0)
1131727552, (2, -3)
1131727672, (1, -3)
1131727792, (2, 0)
1131727912, (-1, 3)
1131728032, (0, 3)
1131728152, (0, 0)
1131728272, (0, -3)
1131728392, (-1, -3)
1131728512, (-1, 0)
1131728632, (1, 3)
1131728752, (2, 3)
1131728872, (-1, 0)
1131728992, (-2, -3)
1131729112, (-2, 3)
1131729232, (2, 0)
1131729352, (2, -3)
1131729472, (1, -3)
1131729592, (2, 0)
1131729712, (-1, 3)
1131729832, (0, 3)
1131729952, (0, 0)
1131730072, (0, -3)
1131730192, (-1, -3)
1131730312, (-1, 0)
1131730432, (1, 3)
1131730552, (2, 3)
1131730672, (-1, 0)
1131730792, (-2, -3)
1131730912, (-2, 3)
1131731032, (2, 0)
1131731152, (2, -3)
1131731272, (1, -3)
1131731392, (2, 0)
1131731512, (-1, 3)
1131731632, (0, 3)
1131731752, (0, 0)
1131731872, (0, -3)
1131731992, (-1, -3)
1131732112, (-1, 0)
1131732232, (1, 3)
1131732352, (2, 3)
1131732472, (-1, 0)
1131732592, (-2, -3)
1131732712, (-2, 3)
1131732832, (2, 0)
1131732952, (2, -3)
1131733072, (1, -3)
1131733192, (2, 0)
1131733312, (-1, 3)
1131733432, (0, 3)
1131733552, (0, 0)
1131733672, (0, -3)
1131733792, (-1, -3)
1131733912, (-1, 0)
1131734032, (1, 3)
1131734152, (2, 3)
1131734272, (-1, 0)
1131734392, (-2, -3)
1131734512, (-2, 3)
1131734632, (2, 0)
1131734752, (2, -3)
1131734872, (1, -3)
1131734992, (2, 0)
1131735112, (-1, 3)
1131735232, (0, 3)
1131735352, (0, 0)
1131735472, (0, -3)
1131735592, (-1, -3)
1131735712, (-1, 0)
1131735832, (1, 3)
1131735952, (2, 3)
1131736072, (-1, 0)
1131736432, (-2, 3)
1131736552, (2, 0)
1131736672, (2, -3)
1131736792, (1, -3)
1131736912, (2, 0)
1131738928, (-1, 3)
1131738952, (0, 3)
1131739072, (0, 0)
1131739192, (0, -3)
1131739312, (-1, -3)
1131739432, (-1, 0)
1131739552, (1, 3)
1131739672, (2, 3)
1131739792, (-1, 0)
1131739912, (-2, -3)
1131740032, (-2, 3)
1131740152, (2, 0)
1131740272, (2, -3)
1131740392, (1, -3)
1131740512, (2, 0)
1131740632, (-1, 3)
1131740752, (0, 3)
1131740872, (0, 0)
1131740992, (0, -3)
1131741112, (-1, -3)
1131741232, (-1, 0)
1131741352, (1, 3)
1131741472, (2, 3)
1131741592, (-1, 0)
1131741712, (-2, -3)
1131741832, (-2, 3)
1131741952, (2, 0)
1131742072, (2, -3)