1131453696
1131455496
1131457296
1131459096
1131460896
1131462816
1131464616
1131466416
1131468216
1131470016
1131471816
1131473616
1131475416
1131477336
1131482736
1131534824
1131536624
1131538424
1131540224
1131542024
1131543824
1131545624
1131547424
1131549344
1131551144
1131552944
1131554744
1131556544
1131558344
1131560144
1131561944
1131563864
1131565664
1131567464
1131569264
1131707632
1131709432
1131711232
1131713032
1131714832
1131716632
1131718432
1131720232
1131722152
1131723952
1131725752
1131727552
1131729352
1131731152
1131732952
1131734752
1131736672
1131740272
1131742072
