1131453816
1131455616
1131457416
1131459216
1131461016
1131462936
1131464736
1131466536
1131468336
1131470136
1131471936
1131473736
1131475536
1131477456
1131482856
1131534944
1131536744
1131538544
1131540344
1131542144
1131543944
1131545744
1131547544
1131549464
1131551264
1131553064
1131554864
1131556664
1131558464
1131560264
1131562064
1131563984
1131565784
1131567584
1131569384
1131707752
1131709552
1131711352
1131713152
1131714952
1131716752
1131718552
1131720352
1131722272
1131724072
1131725872
1131727672
1131729472
1131731272
1131733072
1131734872
1131736792
1131740392
