1131453576
1131453936
1131455376
1131455736
1131457176
1131457536
1131458976
1131459336
1131460776
1131461136
1131462696
1131463056
1131464496
1131464856
1131466296
1131466656
1131468096
1131468456
1131469896
1131470256
1131471696
1131472056
1131473496
1131473856
1131475296
1131475656
1131477216
1131477576
1131482616
1131482976
1131707512
1131707872
1131709312
1131709672
1131711112
1131711472
1131712912
1131713272
1131714712
1131715072
1131716512
1131716872
1131718312
1131718672
1131720112
1131720472
1131722032
1131722392
1131723832
1131724192
1131725632
1131725992
1131727432
1131727792
1131729232
1131729592
1131731032
1131731392
1131732832
1131733192
1131734632
1131734992
1131736552
1131736912
1131740152
1131740512
1131741952
