1130773024
1130773144
1130773264
1130774824
1130774944
1130775064
1130776624
1130776744
1130776864
1130778424
1130778544
1130778664
1130780224
1130780344
1130780464
1130782024
1130782144
1130782264
1130783824
1130783944
1130784064
1130785624
1130785744
1130785864
1130787544
1130787664
1130787784
1130789344
1130789464
1130789584
1131454176
1131454296
1131454416
1131455976
1131456096
1131456216
1131457776
1131457896
1131458016
1131459576
1131459696
1131459816
1131461376
1131461496
1131461616
1131463296
1131463416
1131463536
1131465096
1131465216
1131465336
1131466896
1131467016
1131467136
1131468696
1131468816
1131468936
1131470496
1131470616
1131470736
1131472296
1131472416
1131472536
1131474096
1131474216
1131474336
1131475896
1131476016
1131476136
1131477816
1131477936
1131478056
1131535304
1131535424
1131535544
1131537104
1131537224
1131537344
1131538904
1131539024
1131539144
1131540704
1131540824
1131540944
1131542504
1131542624
1131542744
1131544304
1131544424
1131544544
1131546104
1131546224
1131546344
1131547904
1131548024
1131548144
1131549824
1131549944
1131550064
1131551624
1131551744
1131551864
1131553424
1131553544
1131553664
1131555224
1131555344
1131555464
1131557024
1131557144
1131557264
1131558824
1131558944
1131559064
1131560624
1131560744
1131560864
1131562424
1131562544
1131562664
1131564344
1131564464
1131564584
1131708112
1131708232
1131708352
1131709912
1131710032
1131710152
1131711712
1131711832
1131711952
1131713512
1131713632
1131713752
1131715312
1131715432
1131715552
1131717112
1131717232
1131717352
1131718912
1131719032
1131719152
1131720712
1131720832
1131720952
1131722632
1131722752
1131722872
1131724432
1131724552
1131724672
1131726232
1131726352
1131726472
1131728032
1131728152
1131728272
1131729832
1131729952
1131730072
1131731632
1131731752
1131731872
1131733432
1131733552
1131733672
1131735232
1131735352
1131735472
