1061315448
1061315568
1061315808
1061315936
1061316056
1061316296
1061316424
1061316544
1061316664
1061316784
1061316912
1061317032
1061317152
1061317272
1061317400
1061317520
1061317640
1061317888
1061318008
1061318128
1061318248
1061318376
1061318496
1061318616
1061318736
1061318864
1061319472
1061319592
1061319712
1061319840
1061319960
1061320080
1061320200
1061320328
1061320448
1061320568
1061320688
1061660104
1061660224
1061660344
1061660464
1061660592
1061660712
1061660832
1061661080
1061661200
1061661320
1061661440
1061661568
1061661688
1061661808
1061661928
1061662056
1061662176
1061662296
1061662416
1061662904
1061663032
1061663152
1061663272
1061663392
1061663520
1061663640
1061663760
1061663880
1061664008
1061664128
1061664368
1061665472
1062349416
1062349536
1062349656
1062349776
1062349904
1062350024
1062350144
1062350264
1062350392
1062350512
1062350632
1062350752
1062350880
1062351000
1062351120
1062351240
1062351368
1062351488
1062351728
1062351856
1062351976
1062352096
1062352216
1062352344
1062352464
1062352704
1062353072
1062353192
1062353320
1062353440
1062353560
1062353808
1062354048
1062354296
1062354536
1062354656
1062354784
1062521744
1062521984
1062522104
1062522232
1062522472
1062522592
1062522720
1062522840
1062522960
1062523328
1062523448
1062523568
1062523696
1062523816
1062523936
1062524056
1062524184
1062524304
1062524424
1062524792
1062524912
1062525160
1062525520
1062525648
1062525888
1062526008
1062526136
1062526256
1062526376
1062526496
1062526624
1062526744
1062526864
1062527112
1062780232
1062780480
1062780600
1062780720
1062780848
1062780968
1062781088
1062781576
1062783528
1062783776
1062783896
1062784136
1062784264
1062784384
1062952560
1062952688
1062952808
1062952928
1062953048
1062953176
1062953296
1062953416
1062953536
1062953664
1062953784
1062953904
1062954024
1062954152
1062954272
1062955248
1062955616
1062956104
1063124888
1063125016
1063125136
1063125256
1063125376
1063125504
1063125624
1063125744
1063125864
1063126112
1063126232
1063126352
1063126480
1063126600
1063126840
1063126968
1063127088
1063127208
1063127696
1063127944
1063128064
1063128184
1063128304
1063128432
1063128552
1063128672
1063128792
1063128920
1063129040
1063129160
1063129528
1063129648
1063129768
1063130016
1063130136
1063130256
1063469544
1063469672
1063469912
1063470032
1063470160
1063470280
1063470400
1063470520
1063470648
1063470768
1063470888
1063471008
1063471136
1063472112
1063472232
1063472352
1063472472
1063472720
1063473208
1063641872
1063642000
1063642120
1063642240
1063642360
1063642488
1063642608
1063642728
1063642848
1063642976
1063643096
1063643216
1063643336
1063643464
1063643584
1063643824
1063644072
1063644312
1063644440
1063644680
1063644928
1063645168
1063645288
1063645416
1063645536
1063645776
1063645904
1063646024
1063646144
1063646264
1063646392
1063646512
1063646752
1063646880
1063647000
1063647120
1064589680
1064589800
1064590048
1064590168
1064590408
1064590776
1064762008
1064762256
1064762376
1064762496
1064762616
1064762744
1064762864
1064762984
1064763104
1064763232
1064763352
1064763472
1064763592
1064763720
1064763960
1064764080
1064764208
1064764328
1064764448
1064764568
1064764696
1064764816
1064764936
1064765056
1064765184
1064765304
1064765424
1064765672
1064765792
1064765912
1064766160
1064766280
1064766400
1064766520
1064766648
1064766768
1064766888
1064767008
1064767136
1064767376
1064934336
1064934584
1064934704
1064934824
1064934944
1064935072
1064935192
1064935312
1064935680
1064935800
1064935920
1064936048
1064936168
1064936288
1064936408
1064936536
1064936656
1064936776
1064936896
1064937024
1064937144
1064937264
1064937384
1064937632
1064937752
1064937872
1064938240
1064938360
1064938488
1064938728
1064938848
1064938976
1064939096
1064939216
1064939336
1064939464
1064939704
1065278992
1065279112
1065279240
1065279360
1065279600
1065279728
1065279968
1065280088
1065280216
1065280336
1065280456
1065280576
1065280704
1065449184
1065449920
1065451256
1065451384
1065451504
1065451624
1065451744
1065452232
1065452360
1065452480
1065452600
1065452720
1065452848
1065452968
1065453088
1065453208
1065453576
1065455040
1065455648
1065456752
1065879152
1065880248
1066569560
1066569928
1066571272
1066571392
1066571512
1066571640
1066571760
1066571880
1066572000
1066572248
1066572368
1066572736
1066572856
1066572976
1066573104
1066573224
1066573344
1066573464
1066573592
1066573712
1066573832
1066573952
1066574080
1066574200
1066574320
1066574440
1066574568
1066574808
1066574928
1066575056
1066575176
1066575296
1066575416
1066575544
1066575664
1066575784
1066575904
1066576032
1066576152
1066576272
1066576392
1066576520
1066576640
1066576760
1066576880
1066743720
1066743840
1066743968
1066744696
1066744816
1067088376
1067088496
1067088624
1067088744
1067088864
1067088984
1067089472
1067089600
1067089960
1067090088
1067090208
1067090448
1067090576
1067090696
1067090816
1067090936
1067091064
1067091184
1067091304
1067091424
1067091552
1067091672
1067091912
1067092040
1067092160
1067092280
1067092400
1067092528
1067092648
1067092768
1067092888
1067093016
1067093136
1067093256
1067093376
1067093504
1067093624
1067093864
1068811656
1068811784
1068811904
1068812024
1068812144
1068812272
1068812392
1068812512
1068812632
1068812760
1068812880
1068813000
1068813120
1068813368
1068813488
1068813608
1068813856
1068813976
1068814096
1068814224
1068814344
1068814464
1068814584
1068814712
1068814832
1068814952
1068815072
1068815320
1068815440
1068815560
1068815688
1068815808
1068815928
1068816048
1068816176
1068816296
1068816416
1068816536
1068816664
1068816784
1068816904
1068817024
1069759856
1069759984
1069760104
1069760224
1069760344
1069760464
1069760592
1069760712
1069760832
1069760952
1069761080
1069761200
1069761320
1069761440
1069762176
1069762784
1069762904
1069764864
