1160576600
1160576728
1160576968
1160577336
1160577456
1160577824
1160577944
1160578072
1160748808
1160748928
1160749056
1160749664
1160750032
1160921136
1160921504
1160921752
1160921872
1160922232
1160922848
1161093464
1161093832
1161179752
1161180120
1161180488
1161180608
1161180976
1161524624
1161524752
1161525112
1161696592
1161697080
1161698056
1161698176
1161868920
1161870016
1161870136
1161870256
1161870384
1161870504
1162989712
1162990160
1162990384
1163249216
1163420088
1163420536
1163420648
1163421432
1163421544
1163592416
1163592976
1163593200
1163593760
1163764856
1163765192
1163765304
1163765416
1163765864
1163765976
