1061311664
1061311784
1061311904
1061312032
1061312152
1061312272
1061312392
1061312520
1061312640
1061312760
1061312880
1061313008
1061313128
1061313248
1061313368
1061313496
1061313616
1061313736
1061313856
1061313984
1061314104
1061314224
1061314344
1061314472
1061314592
1061314712
1061314832
1061314960
1061315080
1061315200
1061315320
1061315448
1061315568
1061315688
1061315808
1061315936
1061316056
1061316176
1061316296
1061316424
1061316544
1061316664
1061316784
1061316912
1061317032
1061317152
1061317272
1061317400
1061317520
1061317640
1061317760
1061317888
1061318008
1061318128
1061318248
1061318376
1061318496
1061318616
1061318736
1061318864
1061318984
1061319104
1061319224
1061319352
1061319472
1061319592
1061319712
1061319840
1061319960
1061320080
1061320200
1061320328
1061320448
1061320568
1061320688
1061320816
1061320936
1061321056
1061321176
1061321304
1061321424
1061321544
1061321664
1061321792
1061321912
1061322032
1061322152
1061322280
1061322400
1061322520
1061322640
1061322768
1061322888
1061323008
1061323128
1061323256
1061323376
1061323496
1061650832
1061650952
1061651072
1061651192
1061651320
1061651440
1061651560
1061651680
1061651808
1061651928
1061652048
1061652168
1061652296
1061652416
1061652536
1061652656
1061652784
1061652904
1061653024
1061653144
1061653272
1061653392
1061653512
1061653632
1061653760
1061653880
1061654000
1061654120
1061654248
1061654368
1061654488
1061654608
1061654736
1061654856
1061654976
1061655096
1061655224
1061655344
1061655464
1061655584
1061655712
1061655832
1061655952
1061656072
1061656200
1061656320
1061656440
1061656560
1061656688
1061656808
1061656928
1061657048
1061657176
1061657296
1061657416
1061657536
1061657664
1061657784
1061657904
1061658024
1061658152
1061658272
1061658392
1061658512
1061658640
1061658760
1061658880
1061659000
1061659128
1061659248
1061659368
1061659488
1061659616
1061659736
1061659856
1061659976
1061660104
1061660224
1061660344
1061660464
1061660592
1061660712
1061660832
1061660952
1061661080
1061661200
1061661320
1061661440
1061661568
1061661688
1061661808
1061661928
1061662056
1061662176
1061662296
1061662416
1061662544
1061662664
1061662784
1061662904
1061663032
1061663152
1061663272
1061663392
1061663520
1061663640
1061663760
1061663880
1061664008
1061664128
1061664248
1061664368
1061664496
1061664616
1061664736
1061664856
1061664984
1061665104
1061665224
1061665344
1061665472
1061665592
1061665712
1061665832
1061665960
1061666080
1061666200
1061666320
1061666448
1061666568
1061666688
1061666808
1061666936
1061667056
1061667176
1061667296
1061667424
1061667544
1061667664
1061667784
1061667912
1061668032
1061668152
1062167816
1062167936
1062168056
1062168176
1062168304
1062168424
1062168544
1062168664
1062168792
1062168912
1062169032
1062169152
1062169280
1062169400
1062169520
1062169640
1062169768
1062169888
1062170008
1062170128
1062170256
1062170376
1062170496
1062170616
1062170744
1062170864
1062170984
1062171104
1062171232
1062171352
1062171472
1062171592
1062171720
1062171840
1062171960
1062172080
1062172208
1062172328
1062172448
1062172568
1062172696
1062172816
1062172936
1062173056
1062173184
1062173304
1062173424
1062173544
1062173672
1062173792
1062173912
1062174032
1062174160
1062174280
1062174400
1062174520
1062174648
1062174768
1062174888
1062175008
1062175136
1062175256
1062175376
1062175496
1062175624
1062175744
1062175864
1062175984
1062176112
1062176232
1062176352
1062176472
1062176600
1062176720
1062176840
1062176960
1062177088
1062177208
1062177328
1062177448
1062177576
1062177696
1062177816
1062177936
1062178064
1062178184
1062178304
1062178424
1062178552
1062178672
1062178792
1062178912
1062179040
1062179160
1062179280
1062179400
1062179528
1062179648
1062179768
1062179888
1062180016
1062180136
1062180256
1062180376
1062180504
1062180624
1062180744
1062180864
1062180992
1062181112
1062181232
1062181352
1062181480
1062181600
1062181720
1062181840
1062181968
1062182088
1062182208
1062182328
1062182456
1062182576
1062182696
1062182816
1062182944
1062183064
1062183184
1062183304
1062183432
1062183552
1062183672
1062183792
1062183920
1062184040
1062184160
1062184280
1062184408
1062184528
1062184648
1062184768
1062184896
1062185016
1062185136
1062340144
1062340264
1062340384
1062340504
1062340632
1062340752
1062340872
1062340992
1062341120
1062341240
1062341360
1062341480
1062341608
1062341728
1062341848
1062341968
1062342096
1062342216
1062342336
1062342456
1062342584
1062342704
1062342824
1062342944
1062343072
1062343192
1062343312
1062343432
1062343560
1062343680
1062343800
1062343920
1062344048
1062344168
1062344288
1062344408
1062344536
1062344656
1062344776
1062344896
1062345024
1062345144
1062345264
1062345384
1062345512
1062345632
1062345752
1062345872
1062346000
1062346120
1062346240
1062346360
1062346488
1062346608
1062346728
1062346848
1062346976
1062347096
1062347216
1062347336
1062347464
1062347584
1062347704
1062347824
1062347952
1062348072
1062348192
1062348312
1062348440
1062348560
1062348680
1062348800
1062348928
1062349048
1062349168
1062349288
1062349416
1062349536
1062349656
1062349776
1062349904
1062350024
1062350144
1062350264
1062350392
1062350512
1062350632
1062350752
1062350880
1062351000
1062351120
1062351240
1062351368
1062351488
1062351608
1062351728
1062351856
1062351976
1062352096
1062352216
1062352344
1062352464
1062352584
1062352704
1062352832
1062352952
1062353072
1062353192
1062353320
1062353440
1062353560
1062353680
1062353808
1062353928
1062354048
1062354168
1062354296
1062354416
1062354536
1062354656
1062354784
1062354904
1062355024
1062355144
1062355272
1062355392
1062355512
1062355632
1062355760
1062355880
1062356000
1062356120
1062356248
1062356368
1062356488
1062356608
1062356736
1062356856
1062356976
1062357096
1062357224
1062357344
1062357464
1062512472
1062512592
1062512712
1062512832
1062512960
1062513080
1062513200
1062513320
1062513448
1062513568
1062513688
1062513808
1062513936
1062514056
1062514176
1062514296
1062514424
1062514544
1062514664
1062514784
1062514912
1062515032
1062515152
1062515272
1062515400
1062515520
1062515640
1062515760
1062515888
1062516008
1062516128
1062516248
1062516376
1062516496
1062516616
1062516736
1062516864
1062516984
1062517104
1062517224
1062517352
1062517472
1062517592
1062517712
1062517840
1062517960
1062518080
1062518200
1062518328
1062518448
1062518568
1062518688
1062518816
1062518936
1062519056
1062519176
1062519304
1062519424
1062519544
1062519664
1062519792
1062519912
1062520032
1062520152
1062520280
1062520400
1062520520
1062520640
1062520768
1062520888
1062521008
1062521128
1062521256
1062521376
1062521496
1062521616
1062521744
1062521864
1062521984
1062522104
1062522232
1062522352
1062522472
1062522592
1062522720
1062522840
1062522960
1062523080
1062523208
1062523328
1062523448
1062523568
1062523696
1062523816
1062523936
1062524056
1062524184
1062524304
1062524424
1062524544
1062524672
1062524792
1062524912
1062525032
1062525160
1062525280
1062525400
1062525520
1062525648
1062525768
1062525888
1062526008
1062526136
1062526256
1062526376
1062526496
1062526624
1062526744
1062526864
1062526984
1062527112
1062527232
1062527352
1062527472
1062527600
1062527720
1062527840
1062527960
1062528088
1062528208
1062528328
1062528448
1062528576
1062770960
1062771088
1062771208
1062771328
1062771448
1062771576
1062771696
1062771816
1062771936
1062772064
1062772184
1062772304
1062772424
1062772552
1062772672
1062772792
1062772912
1062773040
1062773160
1062773280
1062773400
1062773528
1062773648
1062773768
1062773888
1062774016
1062774136
1062774256
1062774376
1062774504
1062774624
1062774744
1062774864
1062774992
1062775112
1062775232
1062775352
1062775480
1062775600
1062775720
1062775840
1062775968
1062776088
1062776208
1062776328
1062776456
1062776576
1062776696
1062776816
1062776944
1062777064
1062777184
1062777304
1062777432
1062777552
1062777672
1062777792
1062777920
1062778040
1062778160
1062778280
1062778408
1062778528
1062778648
1062778768
1062778896
1062779016
1062779136
1062779256
1062779384
1062779504
1062779624
1062779744
1062779872
1062779992
1062780112
1062780232
1062780360
1062780480
1062780600
1062780720
1062780848
1062780968
1062781088
1062781208
1062781336
1062781456
1062781576
1062781696
1062781824
1062781944
1062782064
1062782184
1062782312
1062782432
1062782552
1062782672
1062782800
1062782920
1062783040
1062783160
1062783288
1062783408
1062783528
1062783648
1062783776
1062783896
1062784016
1062784136
1062784264
1062784384
1062784504
1062784624
1062784752
1062784872
1062784992
1062785112
1062785240
1062785360
1062785480
1062785600
1062785728
1062785848
1062785968
1062786088
1062786216
1062786336
1062786456
1062786576
1062786704
1062786824
1062786944
1062787064
1062787192
1062787312
1062787432
1062787552
1062787680
1062787800
1062787920
1062788040
1062788168
1062788288
1062943288
1062943416
1062943536
1062943656
1062943776
1062943904
1062944024
1062944144
1062944264
1062944392
1062944512
1062944632
1062944752
1062944880
1062945000
1062945120
1062945240
1062945368
1062945488
1062945608
1062945728
1062945856
1062945976
1062946096
1062946216
1062946344
1062946464
1062946584
1062946704
1062946832
1062946952
1062947072
1062947192
1062947320
1062947440
1062947560
1062947680
1062947808
1062947928
1062948048
1062948168
1062948296
1062948416
1062948536
1062948656
1062948784
1062948904
1062949024
1062949144
1062949272
1062949392
1062949512
1062949632
1062949760
1062949880
1062950000
1062950120
1062950248
1062950368
1062950488
1062950608
1062950736
1062950856
1062950976
1062951096
1062951224
1062951344
1062951464
1062951584
1062951712
1062951832
1062951952
1062952072
1062952200
1062952320
1062952440
1062952560
1062952688
1062952808
1062952928
1062953048
1062953176
1062953296
1062953416
1062953536
1062953664
1062953784
1062953904
1062954024
1062954152
1062954272
1062954392
1062954512
1062954640
1062954760
1062954880
1062955000
1062955128
1062955248
1062955368
1062955488
1062955616
1062955736
1062955856
1062955976
1062956104
1062956224
1062956344
1062956464
1062956592
1062956712
1062956832
1062956952
1062957080
1062957200
1062957320
1062957440
1062957568
1062957688
1062957808
1062957928
1062958056
1062958176
1062958296
1062958416
1062958544
1062958664
1062958784
1062958904
1062959032
1062959152
1062959272
1062959392
1062959520
1062959640
1062959760
1062959880
1062960008
1062960128
1062960248
1062960368
1062960496
1062960616
1063115616
1063115744
1063115864
1063115984
1063116104
1063116232
1063116352
1063116472
1063116592
1063116720
1063116840
1063116960
1063117080
1063117208
1063117328
1063117448
1063117568
1063117696
1063117816
1063117936
1063118056
1063118184
1063118304
1063118424
1063118544
1063118672
1063118792
1063118912
1063119032
1063119160
1063119280
1063119400
1063119520
1063119648
1063119768
1063119888
1063120008
1063120136
1063120256
1063120376
1063120496
1063120624
1063120744
1063120864
1063120984
1063121112
1063121232
1063121352
1063121472
1063121600
1063121720
1063121840
1063121960
1063122088
1063122208
1063122328
1063122448
1063122576
1063122696
1063122816
1063122936
1063123064
1063123184
1063123304
1063123424
1063123552
1063123672
1063123792
1063123912
1063124040
1063124160
1063124280
1063124400
1063124528
1063124648
1063124768
1063124888
1063125016
1063125136
1063125256
1063125376
1063125504
1063125624
1063125744
1063125864
1063125992
1063126112
1063126232
1063126352
1063126480
1063126600
1063126720
1063126840
1063126968
1063127088
1063127208
1063127328
1063127456
1063127576
1063127696
1063127816
1063127944
1063128064
1063128184
1063128304
1063128432
1063128552
1063128672
1063128792
1063128920
1063129040
1063129160
1063129280
1063129408
1063129528
1063129648
1063129768
1063129896
1063130016
1063130136
1063130256
1063130384
1063130504
1063130624
1063130744
1063130872
1063130992
1063131112
1063131232
1063131360
1063131480
1063131600
1063131720
1063131848
1063131968
1063132088
1063132208
1063132336
1063132456
1063132576
1063132696
1063132824
1063132944
1063460272
1063460400
1063460520
1063460640
1063460760
1063460888
1063461008
1063461128
1063461248
1063461376
1063461496
1063461616
1063461736
1063461864
1063461984
1063462104
1063462224
1063462352
1063462472
1063462592
1063462712
1063462840
1063462960
1063463080
1063463200
1063463328
1063463448
1063463568
1063463688
1063463816
1063463936
1063464056
1063464176
1063464304
1063464424
1063464544
1063464664
1063464792
1063464912
1063465032
1063465152
1063465280
1063465400
1063465520
1063465640
1063465768
1063465888
1063466008
1063466128
1063466256
1063466376
1063466496
1063466616
1063466744
1063466864
1063466984
1063467104
1063467232
1063467352
1063467472
1063467592
1063467720
1063467840
1063467960
1063468080
1063468208
1063468328
1063468448
1063468568
1063468696
1063468816
1063468936
1063469056
1063469184
1063469304
1063469424
1063469544
1063469672
1063469792
1063469912
1063470032
1063470160
1063470280
1063470400
1063470520
1063470648
1063470768
1063470888
1063471008
1063471136
1063471256
1063471376
1063471496
1063471624
1063471744
1063471864
1063471984
1063472112
1063472232
1063472352
1063472472
1063472600
1063472720
1063472840
1063472960
1063473088
1063473208
1063473328
1063473448
1063473576
1063473696
1063473816
1063473936
1063474064
1063474184
1063474304
1063474424
1063474552
1063474672
1063474792
1063474912
1063475040
1063475160
1063475280
1063475400
1063475528
1063475648
1063475768
1063475888
1063476016
1063476136
1063476256
1063476376
1063476504
1063476624
1063476744
1063476864
1063476992
1063477112
1063477232
1063477352
1063477480
1063477600
1063632600
1063632728
1063632848
1063632968
1063633088
1063633216
1063633336
1063633456
1063633576
1063633704
1063633824
1063633944
1063634064
1063634192
1063634312
1063634432
1063634552
1063634680
1063634800
1063634920
1063635040
1063635168
1063635288
1063635408
1063635528
1063635656
1063635776
1063635896
1063636016
1063636144
1063636264
1063636384
1063636504
1063636632
1063636752
1063636872
1063636992
1063637120
1063637240
1063637360
1063637480
1063637608
1063637728
1063637848
1063637968
1063638096
1063638216
1063638336
1063638456
1063638584
1063638704
1063638824
1063638944
1063639072
1063639192
1063639312
1063639432
1063639560
1063639680
1063639800
1063639920
1063640048
1063640168
1063640288
1063640408
1063640536
1063640656
1063640776
1063640896
1063641024
1063641144
1063641264
1063641384
1063641512
1063641632
1063641752
1063641872
1063642000
1063642120
1063642240
1063642360
1063642488
1063642608
1063642728
1063642848
1063642976
1063643096
1063643216
1063643336
1063643464
1063643584
1063643704
1063643824
1063643952
1063644072
1063644192
1063644312
1063644440
1063644560
1063644680
1063644800
1063644928
1063645048
1063645168
1063645288
1063645416
1063645536
1063645656
1063645776
1063645904
1063646024
1063646144
1063646264
1063646392
1063646512
1063646632
1063646752
1063646880
1063647000
1063647120
1063647240
1063647368
1063647488
1063647608
1063647728
1063647856
1063647976
1063648096
1063648216
1063648344
1063648464
1063648584
1063648704
1063648832
1063648952
1063649072
1063649192
1063649320
1063649440
1063649560
1063649680
1063649808
1063649928
1064580408
1064580528
1064580648
1064580776
1064580896
1064581016
1064581136
1064581264
1064581384
1064581504
1064581624
1064581752
1064581872
1064581992
1064582112
1064582240
1064582360
1064582480
1064582600
1064582728
1064582848
1064582968
1064583088
1064583216
1064583336
1064583456
1064583576
1064583704
1064583824
1064583944
1064584064
1064584192
1064584312
1064584432
1064584552
1064584680
1064584800
1064584920
1064585040
1064585168
1064585288
1064585408
1064585528
1064585656
1064585776
1064585896
1064586016
1064586144
1064586264
1064586384
1064586504
1064586632
1064586752
1064586872
1064586992
1064587120
1064587240
1064587360
1064587480
1064587608
1064587728
1064587848
1064587968
1064588096
1064588216
1064588336
1064588456
1064588584
1064588704
1064588824
1064588944
1064589072
1064589192
1064589312
1064589432
1064589560
1064589680
1064589800
1064589920
1064590048
1064590168
1064590288
1064590408
1064590536
1064590656
1064590776
1064590896
1064591024
1064591144
1064591264
1064591384
1064591512
1064591632
1064591752
1064591872
1064592000
1064592120
1064592240
1064592360
1064592488
1064592608
1064592728
1064592848
1064592976
1064593096
1064593216
1064593336
1064593464
1064593584
1064593704
1064593824
1064593952
1064594072
1064594192
1064594312
1064594440
1064594560
1064594680
1064594800
1064594928
1064595048
1064595168
1064595288
1064595416
1064595536
1064595656
1064595776
1064595904
1064596024
1064596144
1064596264
1064596392
1064596512
1064596632
1064596752
1064596880
1064597000
1064597120
1064597240
1064597368
1064597488
1064597608
1064597728
1064752736
1064752856
1064752984
1064753104
1064753224
1064753344
1064753472
1064753592
1064753712
1064753832
1064753960
1064754080
1064754200
1064754320
1064754448
1064754568
1064754688
1064754808
1064754936
1064755056
1064755176
1064755296
1064755424
1064755544
1064755664
1064755784
1064755912
1064756032
1064756152
1064756272
1064756400
1064756520
1064756640
1064756760
1064756888
1064757008
1064757128
1064757248
1064757376
1064757496
1064757616
1064757736
1064757864
1064757984
1064758104
1064758224
1064758352
1064758472
1064758592
1064758712
1064758840
1064758960
1064759080
1064759200
1064759328
1064759448
1064759568
1064759688
1064759816
1064759936
1064760056
1064760176
1064760304
1064760424
1064760544
1064760664
1064760792
1064760912
1064761032
1064761152
1064761280
1064761400
1064761520
1064761640
1064761768
1064761888
1064762008
1064762128
1064762256
1064762376
1064762496
1064762616
1064762744
1064762864
1064762984
1064763104
1064763232
1064763352
1064763472
1064763592
1064763720
1064763840
1064763960
1064764080
1064764208
1064764328
1064764448
1064764568
1064764696
1064764816
1064764936
1064765056
1064765184
1064765304
1064765424
1064765544
1064765672
1064765792
1064765912
1064766032
1064766160
1064766280
1064766400
1064766520
1064766648
1064766768
1064766888
1064767008
1064767136
1064767256
1064767376
1064767496
1064767624
1064767744
1064767864
1064767984
1064768112
1064768232
1064768352
1064768472
1064768600
1064768720
1064768840
1064768960
1064769088
1064769208
1064769328
1064769448
1064769576
1064769696
1064769816
1064769936
1064770064
1064925064
1064925184
1064925312
1064925432
1064925552
1064925672
1064925800
1064925920
1064926040
1064926160
1064926288
1064926408
1064926528
1064926648
1064926776
1064926896
1064927016
1064927136
1064927264
1064927384
1064927504
1064927624
1064927752
1064927872
1064927992
1064928112
1064928240
1064928360
1064928480
1064928600
1064928728
1064928848
1064928968
1064929088
1064929216
1064929336
1064929456
1064929576
1064929704
1064929824
1064929944
1064930064
1064930192
1064930312
1064930432
1064930552
1064930680
1064930800
1064930920
1064931040
1064931168
1064931288
1064931408
1064931528
1064931656
1064931776
1064931896
1064932016
1064932144
1064932264
1064932384
1064932504
1064932632
1064932752
1064932872
1064932992
1064933120
1064933240
1064933360
1064933480
1064933608
1064933728
1064933848
1064933968
1064934096
1064934216
1064934336
1064934456
1064934584
1064934704
1064934824
1064934944
1064935072
1064935192
1064935312
1064935432
1064935560
1064935680
1064935800
1064935920
1064936048
1064936168
1064936288
1064936408
1064936536
1064936656
1064936776
1064936896
1064937024
1064937144
1064937264
1064937384
1064937512
1064937632
1064937752
1064937872
1064938000
1064938120
1064938240
1064938360
1064938488
1064938608
1064938728
1064938848
1064938976
1064939096
1064939216
1064939336
1064939464
1064939584
1064939704
1064939824
1064939952
1064940072
1064940192
1064940312
1064940440
1064940560
1064940680
1064940800
1064940928
1064941048
1064941168
1064941288
1064941416
1064941536
1064941656
1064941776
1064941904
1064942024
1064942144
1064942264
1064942392
1065269720
1065269840
1065269968
1065270088
1065270208
1065270328
1065270456
1065270576
1065270696
1065270816
1065270944
1065271064
1065271184
1065271304
1065271432
1065271552
1065271672
1065271792
1065271920
1065272040
1065272160
1065272280
1065272408
1065272528
1065272648
1065272768
1065272896
1065273016
1065273136
1065273256
1065273384
1065273504
1065273624
1065273744
1065273872
1065273992
1065274112
1065274232
1065274360
1065274480
1065274600
1065274720
1065274848
1065274968
1065275088
1065275208
1065275336
1065275456
1065275576
1065275696
1065275824
1065275944
1065276064
1065276184
1065276312
1065276432
1065276552
1065276672
1065276800
1065276920
1065277040
1065277160
1065277288
1065277408
1065277528
1065277648
1065277776
1065277896
1065278016
1065278136
1065278264
1065278384
1065278504
1065278624
1065278752
1065278872
1065278992
1065279112
1065279240
1065279360
1065279480
1065279600
1065279728
1065279848
1065279968
1065280088
1065280216
1065280336
1065280456
1065280576
1065280704
1065280824
1065280944
1065281064
1065281192
1065281312
1065281432
1065281552
1065281680
1065281800
1065281920
1065282040
1065282168
1065282288
1065282408
1065282528
1065282656
1065282776
1065282896
1065283016
1065283144
1065283264
1065283384
1065283504
1065283632
1065283752
1065283872
1065283992
1065284120
1065284240
1065284360
1065284480
1065284608
1065284728
1065284848
1065284968
1065285096
1065285216
1065285336
1065285456
1065285584
1065285704
1065285824
1065285944
1065286072
1065286192
1065286312
1065286432
1065286560
1065286680
1065286800
1065286920
1065287048
1065445648
1065445768
1065445888
1065446016
1065446136
1065446256
1065446376
1065446504
1065446624
1065446744
1065446864
1065446992
1065447112
1065447232
1065447352
1065447480
1065447600
1065447720
1065447840
1065447968
1065448088
1065448208
1065448328
1065448456
1065448576
1065448696
1065448816
1065448944
1065449064
1065449184
1065449304
1065449432
1065449552
1065449672
1065449792
1065449920
1065450040
1065450160
1065450280
1065450408
1065450528
1065450648
1065450768
1065450896
1065451016
1065451136
1065451256
1065451384
1065451504
1065451624
1065451744
1065451872
1065451992
1065452112
1065452232
1065452360
1065452480
1065452600
1065452720
1065452848
1065452968
1065453088
1065453208
1065453336
1065453456
1065453576
1065453696
1065453824
1065453944
1065454064
1065454184
1065454312
1065454432
1065454552
1065454672
1065454800
1065454920
1065455040
1065455160
1065455288
1065455408
1065455528
1065455648
1065455776
1065455896
1065456016
1065456136
1065456264
1065456384
1065456504
1065456624
1065456752
1065456872
1065456992
1065457112
1065457240
1065457360
1065457480
1065457600
1065457728
1065457848
1065457968
1065458088
1065458216
1065458336
1065458456
1065458576
1065458704
1065458824
1065458944
1065459064
1065459192
1065459312
1065876464
1065876592
1065876712
1065876832
1065876952
1065877080
1065877200
1065877320
1065877440
1065877568
1065877688
1065877808
1065877928
1065878056
1065878176
1065878296
1065878416
1065878544
1065878664
1065878784
1065878904
1065879032
1065879152
1065879272
1065879392
1065879520
1065879640
1065879760
1065879880
1065880008
1065880128
1065880248
1065880368
1065880496
1065880616
1065880736
1065880856
1065880984
1065881104
1065881224
1065881344
1065881472
1065881592
1065881712
1065881832
1065881960
1065882080
1065882200
1065882320
1065882448
1065882568
1065882688
1065882808
1065882936
1065883056
1065883176
1065883296
1065883424
1065883544
1065883664
1065883784
1065883912
1065884032
1065884152
1065884272
1065884400
1065884520
1065884640
1065884760
1065884888
1065885008
1065885128
1065885248
1065885376
1065885496
1065885616
1065885736
1065885864
1065885984
1065886104
1065886224
1065886352
1065886472
1065886592
1065886712
1065886840
1065886960
1065887080
1065887200
1065887328
1065887448
1065887568
1065887688
1065887816
1065887936
1065888056
1065888176
1065888304
1065888424
1065888544
1065888664
1065888792
1065888912
1065889032
1065889152
1065889280
1065889400
1065889520
1065889640
1065889768
1065889888
1065890008
1065890128
1066565784
1066565904
1066566024
1066566144
1066566272
1066566392
1066566512
1066566632
1066566760
1066566880
1066567000
1066567120
1066567248
1066567368
1066567488
1066567608
1066567736
1066567856
1066567976
1066568096
1066568224
1066568344
1066568464
1066568584
1066568712
1066568832
1066568952
1066569072
1066569200
1066569320
1066569440
1066569560
1066569688
1066569808
1066569928
1066570048
1066570176
1066570296
1066570416
1066570536
1066570664
1066570784
1066570904
1066571024
1066571152
1066571272
1066571392
1066571512
1066571640
1066571760
1066571880
1066572000
1066572128
1066572248
1066572368
1066572488
1066572616
1066572736
1066572856
1066572976
1066573104
1066573224
1066573344
1066573464
1066573592
1066573712
1066573832
1066573952
1066574080
1066574200
1066574320
1066574440
1066574568
1066574688
1066574808
1066574928
1066575056
1066575176
1066575296
1066575416
1066575544
1066575664
1066575784
1066575904
1066576032
1066576152
1066576272
1066576392
1066576520
1066576640
1066576760
1066576880
1066577008
1066577128
1066577248
1066577368
1066577496
1066577616
1066577736
1066577856
1066577984
1066578104
1066578224
1066578344
1066578472
1066578592
1066578712
1066578832
1066578960
1066579080
1066579200
1066579320
1066579448
1066738112
1066738232
1066738352
1066738472
1066738600
1066738720
1066738840
1066738960
1066739088
1066739208
1066739328
1066739448
1066739576
1066739696
1066739816
1066739936
1066740064
1066740184
1066740304
1066740424
1066740552
1066740672
1066740792
1066740912
1066741040
1066741160
1066741280
1066741400
1066741528
1066741648
1066741768
1066741888
1066742016
1066742136
1066742256
1066742376
1066742504
1066742624
1066742744
1066742864
1066742992
1066743112
1066743232
1066743352
1066743480
1066743600
1066743720
1066743840
1066743968
1066744088
1066744208
1066744328
1066744456
1066744576
1066744696
1066744816
1066744944
1066745064
1066745184
1066745304
1066745432
1066745552
1066745672
1066745792
1066745920
1066746040
1066746160
1066746280
1066746408
1066746528
1066746648
1066746768
1066746896
1066747016
1066747136
1066747256
1066747384
1066747504
1066747624
1066747744
1066747872
1066747992
1066748112
1066748232
1066748360
1066748480
1066748600
1066748720
1066748848
1066748968
1066749088
1066749208
1066749336
1066749456
1066749576
1066749696
1066749824
1066749944
1066750064
1066750184
1066750312
1066750432
1066750552
1066750672
1066750800
1066750920
1066751040
1066751160
1066751288
1066751408
1066751528
1066751648
1066751776
1067082768
1067082888
1067083008
1067083128
1067083256
1067083376
1067083496
1067083616
1067083744
1067083864
1067083984
1067084104
1067084232
1067084352
1067084472
1067084592
1067084720
1067084840
1067084960
1067085080
1067085208
1067085328
1067085448
1067085568
1067085696
1067085816
1067085936
1067086056
1067086184
1067086304
1067086424
1067086544
1067086672
1067086792
1067086912
1067087032
1067087160
1067087280
1067087400
1067087520
1067087648
1067087768
1067087888
1067088008
1067088136
1067088256
1067088376
1067088496
1067088624
1067088744
1067088864
1067088984
1067089112
1067089232
1067089352
1067089472
1067089600
1067089720
1067089840
1067089960
1067090088
1067090208
1067090328
1067090448
1067090576
1067090696
1067090816
1067090936
1067091064
1067091184
1067091304
1067091424
1067091552
1067091672
1067091792
1067091912
1067092040
1067092160
1067092280
1067092400
1067092528
1067092648
1067092768
1067092888
1067093016
1067093136
1067093256
1067093376
1067093504
1067093624
1067093744
1067093864
1067093992
1067094112
1067094232
1067094352
1067094480
1067094600
1067094720
1067094840
1067094968
1067095088
1067095208
1067095328
1067095456
1067095576
1067095696
1067095816
1067095944
1067096064
1067096184
1067096304
1067096432
1067255096
1067255216
1067255336
1067255456
1067255584
1067255704
1067255824
1067255944
1067256072
1067256192
1067256312
1067256432
1067256560
1067256680
1067256800
1067256920
1067257048
1067257168
1067257288
1067257408
1067257536
1067257656
1067257776
1067257896
1067258024
1067258144
1067258264
1067258384
1067258512
1067258632
1067258752
1067258872
1067259000
1067259120
1067259240
1067259360
1067259488
1067259608
1067259728
1067259848
1067259976
1067260096
1067260216
1067260336
1067260464
1067260584
1067260704
1067260824
1067260952
1067261072
1067261192
1067261312
1067261440
1067261560
1067261680
1067261800
1067261928
1067262048
1067262168
1067262288
1067262416
1067262536
1067262656
1067262776
1067262904
1067263024
1067263144
1067263264
1067263392
1067263512
1067263632
1067263752
1067263880
1067264000
1067264120
1067264240
1067264368
1067264488
1067264608
1067264728
1067264856
1067264976
1067265096
1067265216
1067265344
1067265464
1067265584
1067265704
1067265832
1067265952
1067266072
1067266192
1067266320
1067266440
1067266560
1067266680
1067266808
1067266928
1067267048
1067267168
1067267296
1067267416
1067267536
1067267656
1067267784
1067267904
1067268024
1067268144
1067268272
1067268392
1067268512
1067268632
1067268760
1068808728
1068808856
1068808976
1068809096
1068809216
1068809344
1068809464
1068809584
1068809704
1068809832
1068809952
1068810072
1068810192
1068810320
1068810440
1068810560
1068810680
1068810808
1068810928
1068811048
1068811168
1068811296
1068811416
1068811536
1068811656
1068811784
1068811904
1068812024
1068812144
1068812272
1068812392
1068812512
1068812632
1068812760
1068812880
1068813000
1068813120
1068813248
1068813368
1068813488
1068813608
1068813736
1068813856
1068813976
1068814096
1068814224
1068814344
1068814464
1068814584
1068814712
1068814832
1068814952
1068815072
1068815200
1068815320
1068815440
1068815560
1068815688
1068815808
1068815928
1068816048
1068816176
1068816296
1068816416
1068816536
1068816664
1068816784
1068816904
1068817024
1068817152
1068817272
1068817392
1068817512
1068817640
1068817760
1068817880
1068818000
1068818128
1068818248
1068818368
1068818488
1068818616
1068818736
1068818856
1068818976
1068819104
1068819224
1068819344
1068819464
1068819592
1068819712
1069759856
1069759984
1069760104
1069760224
1069760344
1069760464
1069760592
1069760712
1069760832
1069760952
1069761080
1069761200
1069761320
1069761440
1069761568
1069761688
1069761808
1069761936
1069762056
1069762176
1069762296
1069762416
1069762544
1069762664
1069762784
1069762904
1069763032
1069763152
1069763272
1069763392
1069763520
1069763640
1069763760
1069763888
1069764008
1069764128
1069764248
1069764376
1069764496
1069764616
1069764736
1069764864
1069764984
1069765104
1069765224
1069765352
1069765472
1069765592
1069765712
1069765832
1069765960
1069766080
1069766200
1069766328
1069766448
1069766568
1069766688
1069766816
1069766936
1069767056
1069767176
1069767296
1069767424
1069767544
