1061314960
1061658392
1061659000
1061659368
1061659976
1062175376
1062348560
1062521128
1062779504
1062779624
1063123792
1063641632
1064589072
1064589432
1064589560
1064933120
1064934216
1065277528
1065449432
1066569560
1066571152
1066743600
1067088008
1067259000
1067259848
1067260336
1067260464
1062949760
1063466744
1064931896
1065276184
1066568584
1066741280
1066741400
1067084960
1067085936
1067086056
1067086304
1061318008
1061662296
1062351728
1062523816
1062525160
1063126840
1063644928
1063645168
1063645288
1064764328
1064764568
1064936536
1064937264
1067091552
1068814344
1068814584
1068814832
1069762784
1063128792
1063130136
1064939096
1067092280
1061315808
1061316296
1062351000
1062522472
1062522592
1062954024
1063126480
1064763104
1064763472
1064763592
1064763720
1064935680
1065279112
1066743968
1067089472
