1065450408
1062519912
1064589192
1062521496
1063641752
1062952072
1063467720
1063468080
1067260096
1068810808
1064933360
1063469304
1065880736
1065277408
1065449552
1068811536
1065278624
1063124400
1065450160
1061659488
1063640896
1062347704
1065880368
1067086912
1066741888
1061314224
1063123552
1062952320
1064932632
1063468696
1062951096
1063123672
1062520032
1067259848
1062521376
1063468448
1063124160
1065278384
1062175744
1066742376
1062349168
1067260336
1067260464
1063468328
1065880496
1064589072
1063123304
1064932872
1065451136
1067088008
1068811416
1064761768
1067087032
1061659248
1068810928
1062952440
1061659976
1065880616
1064589560
1062951224
1062952200
1061315080
1062520400
1066742016
1066743232
1061314832
1062176472
1066743352
1068811048
1062779384
1067259120
1066743112
1063124040
1062348072
1062521256
1062779872
1062176840
1063641384
