1067084720
1061313248
1065879640
1063639560
1064587608
1063122328
1062949392
1063639680
1062950120
1062949144
1067085936
1066740672
1067257776
1065276552
1065275336
1066741648
1061313008
1061312152
1064930800
1065276312
1065449064
1062346488
1061311784
1066740912
1062949512
1063121112
1065448816
1063121720
1064586264
1062950488
1063465768
1061656928
1064931288
1065275944
1065878416
1063638944
1066741280
1062346608
1064931656
1063467104
1063122088
1063638096
1066741528
1067258752
1068809344
1064585896
1062518080
1067086056
1063122936
1066741768
1062518200
1064930920
1065448696
1062345632
1061657664
1062173424
1067085816
1062949272
1064587240
1067257896
1063638456
1061657904
1065448208
1066741040
1067086304
1064931896
1062346728
1067257048
1063466864
1063639432
1064586384
