1063125504
1064934584
1064935192
1065279112
1065279728
1069760712
1065451624
1061660224
1062780968
1061315568
1063642240
1061660104
1062952560
1064590168
1066744816
1065451504
1063125624
1065451384
1069759856
1064936048
1063126600
1069760104
1064763104
1063643336
1061661568
1061316056
1061660712
1061661688
1064935800
1062523448
1062522472
1062522104
1062523328
1063470160
1064935072
1061661808
1065279600
1063125376
1064763472
1062350632
1063642120
1064590048
1066572856
1067089960
1063643584
1063469672
1062522960
1062953904
1063126112
1062954272
1064762744
1064763232
1062350264
1062350392
1062781088
1063641872
1065280216
1063126232
1061315936
1062780720
1062954152
1063643096
1063642488
1062953536
1061316296
